0 1 252
0 2 484
0 3 236
0 4 378
0 5 527
0 6 406
0 7 331
0 8 291
0 9 301
0 10 644
0 11 770
0 12 943
0 13 1061
0 14 882
0 15 897
0 16 1105
0 17 1088
0 18 1061
0 19 782
1 0 252
1 2 284
1 3 302
1 4 279
1 5 519
1 6 517
1 7 556
1 8 545
1 9 533
1 10 810
1 11 1121
1 12 1288
1 13 1315
1 14 1142
1 15 1170
1 16 1369
1 17 1099
1 18 1165
1 19 761
2 0 484
2 1 284
2 3 483
2 4 314
2 5 403
2 6 575
2 7 738
2 8 757
2 9 733
2 10 810
2 11 1067
2 12 1234
2 13 1261
2 14 1101
2 15 1129
2 16 1300
2 17 916
2 18 941
2 19 491
3 0 236
3 1 302
3 2 483
3 4 164
3 5 295
3 6 216
3 7 327
3 8 427
3 9 310
3 10 512
3 11 693
3 12 866
3 13 983
3 14 717
3 15 732
3 16 978
3 17 847
3 18 820
3 19 464
4 0 378
4 1 279
4 2 314
4 3 164
4 5 238
4 6 323
4 7 429
4 8 532
4 9 417
4 10 570
4 11 798
4 12 971
4 13 1088
4 14 775
4 15 790
4 16 1009
4 17 818
4 18 827
4 19 375
5 0 527
5 1 519
5 2 403
5 3 295
5 4 238
5 6 280
5 7 524
5 8 688
5 9 554
5 10 505
5 11 809
5 12 976
5 13 1087
5 14 706
5 15 661
5 16 878
5 17 577
5 18 651
5 19 256
6 0 406
6 1 517
6 2 575
6 3 216
6 4 323
6 5 280
6 7 251
6 8 444
6 9 291
6 10 300
6 11 540
6 12 713
6 13 831
6 14 562
6 15 509
6 16 864
6 17 710
6 18 736
6 19 496
7 0 331
7 1 556
7 2 738
7 3 327
7 4 429
7 5 524
7 6 251
7 8 214
7 9 55
7 10 356
7 11 435
7 12 608
7 13 726
7 14 682
7 15 676
7 16 1033
7 17 936
7 18 962
7 19 672
8 0 291
8 1 545
8 2 757
8 3 427
8 4 532
8 5 688
8 6 444
8 7 214
8 9 161
8 10 563
8 11 562
8 12 735
8 13 844
8 14 837
8 15 829
8 16 1124
8 17 1065
8 18 1091
8 19 820
9 0 301
9 1 533
9 2 733
9 3 310
9 4 417
9 5 554
9 6 291
9 7 55
9 8 161
9 10 410
9 11 487
9 12 660
9 13 777
9 14 734
9 15 727
9 16 1083
9 17 986
9 18 1012
9 19 722
10 0 644
10 1 810
10 2 810
10 3 512
10 4 570
10 5 505
10 6 300
10 7 356
10 8 563
10 9 410
10 11 305
10 12 478
10 13 595
10 14 349
10 15 315
10 16 684
10 17 669
10 18 695
10 19 614
11 0 770
11 1 1121
11 2 1067
11 3 693
11 4 798
11 5 809
11 6 540
11 7 435
11 8 562
11 9 487
11 10 305
11 12 204
11 13 394
11 14 245
11 15 433
11 16 845
11 17 946
11 18 972
11 19 935
12 0 943
12 1 1288
12 2 1234
12 3 866
12 4 971
12 5 976
12 6 713
12 7 608
12 8 735
12 9 660
12 10 478
12 11 204
12 13 231
12 14 305
12 15 536
12 16 953
12 17 1055
12 18 1081
12 19 1034
13 0 1061
13 1 1315
13 2 1261
13 3 983
13 4 1088
13 5 1087
13 6 831
13 7 726
13 8 844
13 9 777
13 10 595
13 11 394
13 12 231
13 14 478
13 15 668
13 16 1105
13 17 1207
13 18 1233
13 19 1186
14 0 882
14 1 1142
14 2 1101
14 3 717
14 4 775
14 5 706
14 6 562
14 7 682
14 8 837
14 9 734
14 10 349
14 11 245
14 12 305
14 13 478
14 15 255
14 16 640
14 17 851
14 18 877
14 19 903
15 0 897
15 1 1170
15 2 1129
15 3 732
15 4 790
15 5 661
15 6 509
15 7 676
15 8 829
15 9 727
15 10 315
15 11 433
15 12 536
15 13 668
15 14 255
15 16 489
15 17 692
15 18 718
15 19 745
16 0 1105
16 1 1369
16 2 1300
16 3 978
16 4 1009
16 5 878
16 6 864
16 7 1033
16 8 1124
16 9 1083
16 10 684
16 11 845
16 12 953
16 13 1105
16 14 640
16 15 489
16 17 431
16 18 264
16 19 748
17 0 1088
17 1 1099
17 2 916
17 3 847
17 4 818
17 5 577
17 6 710
17 7 936
17 8 1065
17 9 986
17 10 669
17 11 946
17 12 1055
17 13 1207
17 14 851
17 15 692
17 16 431
17 18 173
17 19 365
18 0 1061
18 1 1165
18 2 941
18 3 820
18 4 827
18 5 651
18 6 736
18 7 962
18 8 1091
18 9 1012
18 10 695
18 11 972
18 12 1081
18 13 1233
18 14 877
18 15 718
18 16 264
18 17 173
18 19 489
19 0 782
19 1 761
19 2 491
19 3 464
19 4 375
19 5 256
19 6 496
19 7 672
19 8 820
19 9 722
19 10 614
19 11 935
19 12 1034
19 13 1186
19 14 903
19 15 745
19 16 748
19 17 365
19 18 489